#vertex
0.0015 4.0e-6 4.0e-6 0.016
0.0015 4.0e-6 4.0e-6 0.037
0.0015 4.0e-6 4.0e-6 0.058
#TPC
0.0004545 100.0e-6 1.0e-3  0.329
0.0004545 100.0e-6 1.0e-3  0.3355799086757991
0.0004545 100.0e-6 1.0e-3  0.3421598173515982
0.0004545 100.0e-6 1.0e-3  0.34873972602739733
0.0004545 100.0e-6 1.0e-3  0.35531963470319644
0.0004545 100.0e-6 1.0e-3  0.36189954337899555
0.0004545 100.0e-6 1.0e-3  0.36847945205479465
0.0004545 100.0e-6 1.0e-3  0.37505936073059376
0.0004545 100.0e-6 1.0e-3  0.38163926940639287
0.0004545 100.0e-6 1.0e-3  0.388219178082192
0.0004545 100.0e-6 1.0e-3  0.3947990867579911
0.0004545 100.0e-6 1.0e-3  0.4013789954337902
0.0004545 100.0e-6 1.0e-3  0.4079589041095893
0.0004545 100.0e-6 1.0e-3  0.4145388127853884
0.0004545 100.0e-6 1.0e-3  0.4211187214611875
0.0004545 100.0e-6 1.0e-3  0.4276986301369866
0.0004545 100.0e-6 1.0e-3  0.4342785388127857
0.0004545 100.0e-6 1.0e-3  0.4408584474885848
0.0004545 100.0e-6 1.0e-3  0.44743835616438393
0.0004545 100.0e-6 1.0e-3  0.45401826484018304
0.0004545 100.0e-6 1.0e-3  0.46059817351598215
0.0004545 100.0e-6 1.0e-3  0.46717808219178125
0.0004545 100.0e-6 1.0e-3  0.47375799086758036
0.0004545 100.0e-6 1.0e-3  0.48033789954337947
0.0004545 100.0e-6 1.0e-3  0.48691780821917857
0.0004545 100.0e-6 1.0e-3  0.4934977168949777
0.0004545 100.0e-6 1.0e-3  0.5000776255707767
0.0004545 100.0e-6 1.0e-3  0.5066575342465758
0.0004545 100.0e-6 1.0e-3  0.5132374429223748
0.0004545 100.0e-6 1.0e-3  0.5198173515981739
0.0004545 100.0e-6 1.0e-3  0.5263972602739729
0.0004545 100.0e-6 1.0e-3  0.532977168949772
0.0004545 100.0e-6 1.0e-3  0.539557077625571
0.0004545 100.0e-6 1.0e-3  0.5461369863013701
0.0004545 100.0e-6 1.0e-3  0.5527168949771691
0.0004545 100.0e-6 1.0e-3  0.5592968036529682
0.0004545 100.0e-6 1.0e-3  0.5658767123287672
0.0004545 100.0e-6 1.0e-3  0.5724566210045663
0.0004545 100.0e-6 1.0e-3  0.5790365296803653
0.0004545 100.0e-6 1.0e-3  0.5856164383561644
0.0004545 100.0e-6 1.0e-3  0.5921963470319634
0.0004545 100.0e-6 1.0e-3  0.5987762557077625
0.0004545 100.0e-6 1.0e-3  0.6053561643835615
0.0004545 100.0e-6 1.0e-3  0.6119360730593606
0.0004545 100.0e-6 1.0e-3  0.6185159817351596
0.0004545 100.0e-6 1.0e-3  0.6250958904109587
0.0004545 100.0e-6 1.0e-3  0.6316757990867577
0.0004545 100.0e-6 1.0e-3  0.6382557077625568
0.0004545 100.0e-6 1.0e-3  0.6448356164383559
0.0004545 100.0e-6 1.0e-3  0.6514155251141549
0.0004545 100.0e-6 1.0e-3  0.657995433789954
0.0004545 100.0e-6 1.0e-3  0.664575342465753
0.0004545 100.0e-6 1.0e-3  0.6711552511415521
0.0004545 100.0e-6 1.0e-3  0.6777351598173511
0.0004545 100.0e-6 1.0e-3  0.6843150684931502
0.0004545 100.0e-6 1.0e-3  0.6908949771689492
0.0004545 100.0e-6 1.0e-3  0.6974748858447483
0.0004545 100.0e-6 1.0e-3  0.7040547945205473
0.0004545 100.0e-6 1.0e-3  0.7106347031963464
0.0004545 100.0e-6 1.0e-3  0.7172146118721454
0.0004545 100.0e-6 1.0e-3  0.7237945205479445
0.0004545 100.0e-6 1.0e-3  0.7303744292237435
0.0004545 100.0e-6 1.0e-3  0.7369543378995426
0.0004545 100.0e-6 1.0e-3  0.7435342465753416
0.0004545 100.0e-6 1.0e-3  0.7501141552511407
0.0004545 100.0e-6 1.0e-3  0.7566940639269397
0.0004545 100.0e-6 1.0e-3  0.7632739726027388
0.0004545 100.0e-6 1.0e-3  0.7698538812785378
0.0004545 100.0e-6 1.0e-3  0.7764337899543369
0.0004545 100.0e-6 1.0e-3  0.7830136986301359
0.0004545 100.0e-6 1.0e-3  0.789593607305935
0.0004545 100.0e-6 1.0e-3  0.796173515981734
0.0004545 100.0e-6 1.0e-3  0.8027534246575331
0.0004545 100.0e-6 1.0e-3  0.8093333333333321
0.0004545 100.0e-6 1.0e-3  0.8159132420091312
0.0004545 100.0e-6 1.0e-3  0.8224931506849302
0.0004545 100.0e-6 1.0e-3  0.8290730593607293
0.0004545 100.0e-6 1.0e-3  0.8356529680365283
0.0004545 100.0e-6 1.0e-3  0.8422328767123274
0.0004545 100.0e-6 1.0e-3  0.8488127853881264
0.0004545 100.0e-6 1.0e-3  0.8553926940639255
0.0004545 100.0e-6 1.0e-3  0.8619726027397245
0.0004545 100.0e-6 1.0e-3  0.8685525114155236
0.0004545 100.0e-6 1.0e-3  0.8751324200913226
0.0004545 100.0e-6 1.0e-3  0.8817123287671217
0.0004545 100.0e-6 1.0e-3  0.8882922374429207
0.0004545 100.0e-6 1.0e-3  0.8948721461187198
0.0004545 100.0e-6 1.0e-3  0.9014520547945188
0.0004545 100.0e-6 1.0e-3  0.9080319634703179
0.0004545 100.0e-6 1.0e-3  0.9146118721461169
0.0004545 100.0e-6 1.0e-3  0.921191780821916
0.0004545 100.0e-6 1.0e-3  0.927771689497715
0.0004545 100.0e-6 1.0e-3  0.9343515981735141
0.0004545 100.0e-6 1.0e-3  0.9409315068493131
0.0004545 100.0e-6 1.0e-3  0.9475114155251122
0.0004545 100.0e-6 1.0e-3  0.9540913242009113
0.0004545 100.0e-6 1.0e-3  0.9606712328767103
0.0004545 100.0e-6 1.0e-3  0.9672511415525094
0.0004545 100.0e-6 1.0e-3  0.9738310502283084
0.0004545 100.0e-6 1.0e-3  0.9804109589041075
0.0004545 100.0e-6 1.0e-3  0.9869908675799065
0.0004545 100.0e-6 1.0e-3  0.9935707762557056
0.0004545 100.0e-6 1.0e-3  1.0001506849315047
0.0004545 100.0e-6 1.0e-3  1.0067305936073039
0.0004545 100.0e-6 1.0e-3  1.013310502283103
0.0004545 100.0e-6 1.0e-3  1.0198904109589022
0.0004545 100.0e-6 1.0e-3  1.0264703196347014
0.0004545 100.0e-6 1.0e-3  1.0330502283105005
0.0004545 100.0e-6 1.0e-3  1.0396301369862997
0.0004545 100.0e-6 1.0e-3  1.0462100456620989
0.0004545 100.0e-6 1.0e-3  1.052789954337898
0.0004545 100.0e-6 1.0e-3  1.0593698630136972
0.0004545 100.0e-6 1.0e-3  1.0659497716894963
0.0004545 100.0e-6 1.0e-3  1.0725296803652955
0.0004545 100.0e-6 1.0e-3  1.0791095890410947
0.0004545 100.0e-6 1.0e-3  1.0856894977168938
0.0004545 100.0e-6 1.0e-3  1.092269406392693
0.0004545 100.0e-6 1.0e-3  1.0988493150684921
0.0004545 100.0e-6 1.0e-3  1.1054292237442913
0.0004545 100.0e-6 1.0e-3  1.1120091324200905
0.0004545 100.0e-6 1.0e-3  1.1185890410958896
0.0004545 100.0e-6 1.0e-3  1.1251689497716888
0.0004545 100.0e-6 1.0e-3  1.131748858447488
0.0004545 100.0e-6 1.0e-3  1.1383287671232871
0.0004545 100.0e-6 1.0e-3  1.1449086757990863
0.0004545 100.0e-6 1.0e-3  1.1514885844748854
0.0004545 100.0e-6 1.0e-3  1.1580684931506846
0.0004545 100.0e-6 1.0e-3  1.1646484018264838
0.0004545 100.0e-6 1.0e-3  1.171228310502283
0.0004545 100.0e-6 1.0e-3  1.177808219178082
0.0004545 100.0e-6 1.0e-3  1.1843881278538813
0.0004545 100.0e-6 1.0e-3  1.1909680365296804
0.0004545 100.0e-6 1.0e-3  1.1975479452054796
0.0004545 100.0e-6 1.0e-3  1.2041278538812787
0.0004545 100.0e-6 1.0e-3  1.210707762557078
0.0004545 100.0e-6 1.0e-3  1.217287671232877
0.0004545 100.0e-6 1.0e-3  1.2238675799086762
0.0004545 100.0e-6 1.0e-3  1.2304474885844754
0.0004545 100.0e-6 1.0e-3  1.2370273972602746
0.0004545 100.0e-6 1.0e-3  1.2436073059360737
0.0004545 100.0e-6 1.0e-3  1.2501872146118729
0.0004545 100.0e-6 1.0e-3  1.256767123287672
0.0004545 100.0e-6 1.0e-3  1.2633470319634712
0.0004545 100.0e-6 1.0e-3  1.2699269406392704
0.0004545 100.0e-6 1.0e-3  1.2765068493150695
0.0004545 100.0e-6 1.0e-3  1.2830867579908687
0.0004545 100.0e-6 1.0e-3  1.2896666666666678
0.0004545 100.0e-6 1.0e-3  1.296246575342467
0.0004545 100.0e-6 1.0e-3  1.3028264840182662
0.0004545 100.0e-6 1.0e-3  1.3094063926940653
0.0004545 100.0e-6 1.0e-3  1.3159863013698645
0.0004545 100.0e-6 1.0e-3  1.3225662100456637
0.0004545 100.0e-6 1.0e-3  1.3291461187214628
0.0004545 100.0e-6 1.0e-3  1.335726027397262
0.0004545 100.0e-6 1.0e-3  1.3423059360730611
0.0004545 100.0e-6 1.0e-3  1.3488858447488603
0.0004545 100.0e-6 1.0e-3  1.3554657534246595
0.0004545 100.0e-6 1.0e-3  1.3620456621004586
0.0004545 100.0e-6 1.0e-3  1.3686255707762578
0.0004545 100.0e-6 1.0e-3  1.375205479452057
0.0004545 100.0e-6 1.0e-3  1.3817853881278561
0.0004545 100.0e-6 1.0e-3  1.3883652968036553
0.0004545 100.0e-6 1.0e-3  1.3949452054794544
0.0004545 100.0e-6 1.0e-3  1.4015251141552536
0.0004545 100.0e-6 1.0e-3  1.4081050228310528
0.0004545 100.0e-6 1.0e-3  1.414684931506852
0.0004545 100.0e-6 1.0e-3  1.421264840182651
0.0004545 100.0e-6 1.0e-3  1.4278447488584503
0.0004545 100.0e-6 1.0e-3  1.4344246575342494
0.0004545 100.0e-6 1.0e-3  1.4410045662100486
0.0004545 100.0e-6 1.0e-3  1.4475844748858477
0.0004545 100.0e-6 1.0e-3  1.454164383561647
0.0004545 100.0e-6 1.0e-3  1.460744292237446
0.0004545 100.0e-6 1.0e-3  1.4673242009132452
0.0004545 100.0e-6 1.0e-3  1.4739041095890444
0.0004545 100.0e-6 1.0e-3  1.4804840182648435
0.0004545 100.0e-6 1.0e-3  1.4870639269406427
0.0004545 100.0e-6 1.0e-3  1.4936438356164419
0.0004545 100.0e-6 1.0e-3  1.500223744292241
0.0004545 100.0e-6 1.0e-3  1.5068036529680402
0.0004545 100.0e-6 1.0e-3  1.5133835616438394
0.0004545 100.0e-6 1.0e-3  1.5199634703196385
0.0004545 100.0e-6 1.0e-3  1.5265433789954377
0.0004545 100.0e-6 1.0e-3  1.5331232876712368
0.0004545 100.0e-6 1.0e-3  1.539703196347036
0.0004545 100.0e-6 1.0e-3  1.5462831050228352
0.0004545 100.0e-6 1.0e-3  1.5528630136986343
0.0004545 100.0e-6 1.0e-3  1.5594429223744335
0.0004545 100.0e-6 1.0e-3  1.5660228310502327
0.0004545 100.0e-6 1.0e-3  1.5726027397260318
0.0004545 100.0e-6 1.0e-3  1.579182648401831
0.0004545 100.0e-6 1.0e-3  1.5857625570776301
0.0004545 100.0e-6 1.0e-3  1.5923424657534293
0.0004545 100.0e-6 1.0e-3  1.5989223744292285
0.0004545 100.0e-6 1.0e-3  1.6055022831050276
0.0004545 100.0e-6 1.0e-3  1.6120821917808268
0.0004545 100.0e-6 1.0e-3  1.618662100456626
0.0004545 100.0e-6 1.0e-3  1.6252420091324251
0.0004545 100.0e-6 1.0e-3  1.6318219178082243
0.0004545 100.0e-6 1.0e-3  1.6384018264840234
0.0004545 100.0e-6 1.0e-3  1.6449817351598226
0.0004545 100.0e-6 1.0e-3  1.6515616438356218
0.0004545 100.0e-6 1.0e-3  1.658141552511421
0.0004545 100.0e-6 1.0e-3  1.66472146118722
0.0004545 100.0e-6 1.0e-3  1.6713013698630192
0.0004545 100.0e-6 1.0e-3  1.6778812785388184
0.0004545 100.0e-6 1.0e-3  1.6844611872146176
0.0004545 100.0e-6 1.0e-3  1.6910410958904167
0.0004545 100.0e-6 1.0e-3  1.697621004566216
0.0004545 100.0e-6 1.0e-3  1.704200913242015
0.0004545 100.0e-6 1.0e-3  1.7107808219178142
0.0004545 100.0e-6 1.0e-3  1.7173607305936134
0.0004545 100.0e-6 1.0e-3  1.7239406392694125
0.0004545 100.0e-6 1.0e-3  1.7305205479452117
0.0004545 100.0e-6 1.0e-3  1.7371004566210109
0.0004545 100.0e-6 1.0e-3  1.74368036529681
0.0004545 100.0e-6 1.0e-3  1.7502602739726092
0.0004545 100.0e-6 1.0e-3  1.7568401826484084
0.0004545 100.0e-6 1.0e-3  1.7634200913242075
0.0004545 100.0e-6 1.0e-3  1.7700000000000067
